V 54
K 1
D 0 -2794000 3302000 1778000
Y 1
U 2921000 1778000 254000 0 2 3 REFDES=IC?
U 2921000 1524000 254000 0 2 3 DEVICE=TPS7A4701RGWT
U 2921000 1270000 254000 0 2 0 PKG_TYPE=QFN65P500X500X100-21N-D
U 2921000 1016000 254000 0 2 0 Description=TEXAS INSTRUMENTS - TPS7A4701RGWT - LDO, ADJ, 1.4V-34V, 1A, VQFN-20
U 2921000 762000 254000 0 2 0 Datasheet Link=http://www.ti.com/lit/gpn/tps7a47
U 2921000 508000 254000 0 2 0 Height=1
U 2921000 254000 254000 0 2 0 Manufacturer_Name=Texas Instruments
U 2921000 0 254000 0 2 0 Manufacturer_Part_Number=TPS7A4701RGWT
U 2921000 -254000 254000 0 2 0 Mouser Part Number=595-TPS7A4701RGWT
U 2921000 -508000 254000 0 2 0 Mouser Price/Stock=https://www.mouser.co.uk/ProductDetail/Texas-Instruments/TPS7A4701RGWT?qs=2YfbMANv380lIzdxzN9K4Q%3D%3D
U 2921000 -762000 254000 0 2 0 Arrow Part Number=TPS7A4701RGWT
U 2921000 -1016000 254000 0 2 0 Arrow Price/Stock=https://www.arrow.com/en/products/tps7a4701rgwt/texas-instruments?utm_currency=USD&region=nac
U 0 0 254000 0 1 0 FORWARD_PCB=1
l 5 508000 1270000 2794000 1270000 2794000 -2286000 508000 -2286000 508000 1270000
|GRPHSTL -1 -1 -1 1
P 1 0 0 508000 0 0 2 0
L 584200 0 228600 0 2 0 1 0 OUT_1
A 355600 50800 203200 0 9 3 #=1
A 0 0 9 0 3 0 PINTYPE=BI
P 2 0 -254000 508000 -254000 0 2 0
L 584200 -254000 228600 0 2 0 1 0 NC_1
A 355600 -203200 203200 0 9 3 #=2
A 0 0 9 0 3 0 PINTYPE=BI
P 3 0 -508000 508000 -508000 0 2 0
L 584200 -508000 228600 0 2 0 1 0 SENSE/FB
A 355600 -457200 203200 0 9 3 #=3
A 0 0 9 0 3 0 PINTYPE=BI
P 4 0 -762000 508000 -762000 0 2 0
L 584200 -762000 228600 0 2 0 1 0 6P4V2
A 355600 -711200 203200 0 9 3 #=4
A 0 0 9 0 3 0 PINTYPE=BI
P 5 0 -1016000 508000 -1016000 0 2 0
L 584200 -1016000 228600 0 2 0 1 0 6P4V1
A 355600 -965200 203200 0 9 3 #=5
A 0 0 9 0 3 0 PINTYPE=BI
P 6 1016000 -2794000 1016000 -2286000 0 1 0
L 1016000 -2209800 228600 1 2 0 1 0 3P2V
A 965200 -2438400 203200 1 9 3 #=6
A 0 0 9 0 3 0 PINTYPE=BI
P 7 1270000 -2794000 1270000 -2286000 0 1 0
L 1270000 -2209800 228600 1 2 0 1 0 GND_1
A 1219200 -2438400 203200 1 9 3 #=7
A 0 0 9 0 3 0 PINTYPE=BI
P 8 1524000 -2794000 1524000 -2286000 0 1 0
L 1524000 -2209800 228600 1 2 0 1 0 1P6V
A 1473200 -2438400 203200 1 9 3 #=8
A 0 0 9 0 3 0 PINTYPE=BI
P 9 1778000 -2794000 1778000 -2286000 0 1 0
L 1778000 -2209800 228600 1 2 0 1 0 0P8V
A 1727200 -2438400 203200 1 9 3 #=9
A 0 0 9 0 3 0 PINTYPE=BI
P 10 2032000 -2794000 2032000 -2286000 0 1 0
L 2032000 -2209800 228600 1 2 0 1 0 0P4V
A 1981200 -2438400 203200 1 9 3 #=10
A 0 0 9 0 3 0 PINTYPE=BI
P 11 3302000 0 2794000 0 0 3 0
L 2717800 0 228600 0 8 0 1 0 IN_1
A 2946400 50800 203200 0 3 3 #=15
A 0 0 9 0 3 0 PINTYPE=BI
P 12 3302000 -254000 2794000 -254000 0 3 0
L 2717800 -254000 228600 0 8 0 1 0 NR
A 2946400 -203200 203200 0 3 3 #=14
A 0 0 9 0 3 0 PINTYPE=BI
P 13 3302000 -508000 2794000 -508000 0 3 0
L 2717800 -508000 228600 0 8 0 1 0 EN
A 2946400 -457200 203200 0 3 3 #=13
A 0 0 9 0 3 0 PINTYPE=BI
P 14 3302000 -762000 2794000 -762000 0 3 0
L 2717800 -762000 228600 0 8 0 1 0 0P1V
A 2946400 -711200 203200 0 3 3 #=12
A 0 0 9 0 3 0 PINTYPE=BI
P 15 3302000 -1016000 2794000 -1016000 0 3 0
L 2717800 -1016000 228600 0 8 0 1 0 0P2V
A 2946400 -965200 203200 0 3 3 #=11
A 0 0 9 0 3 0 PINTYPE=BI
P 16 1016000 1778000 1016000 1270000 0 0 0
L 1016000 1193800 228600 1 8 0 1 0 GND_2
A 965200 1422400 203200 1 3 3 #=21
A 0 0 9 0 3 0 PINTYPE=BI
P 17 1270000 1778000 1270000 1270000 0 0 0
L 1270000 1193800 228600 1 8 0 1 0 OUT_2
A 1219200 1422400 203200 1 3 3 #=20
A 0 0 9 0 3 0 PINTYPE=BI
P 18 1524000 1778000 1524000 1270000 0 0 0
L 1524000 1193800 228600 1 8 0 1 0 NC_4
A 1473200 1422400 203200 1 3 3 #=19
A 0 0 9 0 3 0 PINTYPE=BI
P 19 1778000 1778000 1778000 1270000 0 0 0
L 1778000 1193800 228600 1 8 0 1 0 NC_3
A 1727200 1422400 203200 1 3 3 #=18
A 0 0 9 0 3 0 PINTYPE=BI
P 20 2032000 1778000 2032000 1270000 0 0 0
L 2032000 1193800 228600 1 8 0 1 0 NC_2
A 1981200 1422400 203200 1 3 3 #=17
A 0 0 9 0 3 0 PINTYPE=BI
P 21 2286000 1778000 2286000 1270000 0 0 0
L 2286000 1193800 228600 1 8 0 1 0 IN_2
A 2235200 1422400 203200 1 3 3 #=16
A 0 0 9 0 3 0 PINTYPE=BI
E
