V 54
K 1
D 0 -3810000 4064000 0
Y 1
U 3683000 762000 254000 0 2 3 REFDES=IC?
U 3683000 508000 254000 0 2 3 DEVICE=ADP5070AREZ
U 3683000 254000 254000 0 2 0 PKG_TYPE=SOP65P640X120-21N
U 3683000 0 254000 0 2 0 Description=Switching Voltage Regulators uPMU V+/V- sw reg for bipolarADC/DAC/AMP
U 3683000 -254000 254000 0 2 0 Datasheet Link=https://www.analog.com/media/en/technical-documentation/data-sheets/adp5070.pdf
U 3683000 -508000 254000 0 2 0 Height=1.2
U 3683000 -762000 254000 0 2 0 Manufacturer_Name=Analog Devices
U 3683000 -1016000 254000 0 2 0 Manufacturer_Part_Number=ADP5070AREZ
U 3683000 -1270000 254000 0 2 0 Mouser Part Number=584-ADP5070AREZ
U 3683000 -1524000 254000 0 2 0 Mouser Price/Stock=https://www.mouser.co.uk/ProductDetail/Analog-Devices/ADP5070AREZ?qs=NEWnq6vH5Lcc%2FMGqhfnITw%3D%3D
U 3683000 -1778000 254000 0 2 0 Arrow Part Number=ADP5070AREZ
U 3683000 -2032000 254000 0 2 0 Arrow Price/Stock=https://www.arrow.com/en/products/adp5070arez/analog-devices?region=nac
U 0 0 254000 0 1 0 FORWARD_PCB=1
l 5 508000 254000 3556000 254000 3556000 -3302000 508000 -3302000 508000 254000
|GRPHSTL -1 -1 -1 1
P 1 0 0 508000 0 0 2 0
L 584200 0 228600 0 2 0 1 0 PGND
A 355600 50800 203200 0 9 3 #=1
A 0 0 9 0 3 0 PINTYPE=BI
P 2 0 -254000 508000 -254000 0 2 0
L 584200 -254000 228600 0 2 0 1 0 SW1
A 355600 -203200 203200 0 9 3 #=2
A 0 0 9 0 3 0 PINTYPE=BI
P 3 0 -508000 508000 -508000 0 2 0
L 584200 -508000 228600 0 2 0 1 0 INBK
A 355600 -457200 203200 0 9 3 #=3
A 0 0 9 0 3 0 PINTYPE=BI
P 4 0 -762000 508000 -762000 0 2 0
L 584200 -762000 228600 0 2 0 1 0 SYNC/FREQ
A 355600 -711200 203200 0 9 3 #=4
A 0 0 9 0 3 0 PINTYPE=BI
P 5 0 -1016000 508000 -1016000 0 2 0
L 584200 -1016000 228600 0 2 0 1 0 SEQ
A 355600 -965200 203200 0 9 3 #=5
A 0 0 9 0 3 0 PINTYPE=BI
P 6 0 -1270000 508000 -1270000 0 2 0
L 584200 -1270000 228600 0 2 0 1 0 SLEW
A 355600 -1219200 203200 0 9 3 #=6
A 0 0 9 0 3 0 PINTYPE=BI
P 7 0 -1524000 508000 -1524000 0 2 0
L 584200 -1524000 228600 0 2 0 1 0 FB1
A 355600 -1473200 203200 0 9 3 #=7
A 0 0 9 0 3 0 PINTYPE=BI
P 8 0 -1778000 508000 -1778000 0 2 0
L 584200 -1778000 228600 0 2 0 1 0 COMP1
A 355600 -1727200 203200 0 9 3 #=8
A 0 0 9 0 3 0 PINTYPE=BI
P 9 0 -2032000 508000 -2032000 0 2 0
L 584200 -2032000 228600 0 2 0 1 0 EN1
A 355600 -1981200 203200 0 9 3 #=9
A 0 0 9 0 3 0 PINTYPE=BI
P 10 0 -2286000 508000 -2286000 0 2 0
L 584200 -2286000 228600 0 2 0 1 0 SS
A 355600 -2235200 203200 0 9 3 #=10
A 0 0 9 0 3 0 PINTYPE=BI
P 11 2032000 -3810000 2032000 -3302000 0 1 0
L 2032000 -3225800 228600 1 2 0 1 0 EPAD
A 1981200 -3454400 203200 1 9 3 #=21
A 0 0 9 0 3 0 PINTYPE=BI
P 12 4064000 0 3556000 0 0 3 0
L 3479800 0 228600 0 8 0 1 0 SW2
A 3708400 50800 203200 0 3 3 #=20
A 0 0 9 0 3 0 PINTYPE=BI
P 13 4064000 -254000 3556000 -254000 0 3 0
L 3479800 -254000 228600 0 8 0 1 0 PVIN2
A 3708400 -203200 203200 0 3 3 #=19
A 0 0 9 0 3 0 PINTYPE=BI
P 14 4064000 -508000 3556000 -508000 0 3 0
L 3479800 -508000 228600 0 8 0 1 0 PVINSYS
A 3708400 -457200 203200 0 3 3 #=18
A 0 0 9 0 3 0 PINTYPE=BI
P 15 4064000 -762000 3556000 -762000 0 3 0
L 3479800 -762000 228600 0 8 0 1 0 PVIN1
A 3708400 -711200 203200 0 3 3 #=17
A 0 0 9 0 3 0 PINTYPE=BI
P 16 4064000 -1016000 3556000 -1016000 0 3 0
L 3479800 -1016000 228600 0 8 0 1 0 VREG
A 3708400 -965200 203200 0 3 3 #=16
A 0 0 9 0 3 0 PINTYPE=BI
P 17 4064000 -1270000 3556000 -1270000 0 3 0
L 3479800 -1270000 228600 0 8 0 1 0 AGND
A 3708400 -1219200 203200 0 3 3 #=15
A 0 0 9 0 3 0 PINTYPE=BI
P 18 4064000 -1524000 3556000 -1524000 0 3 0
L 3479800 -1524000 228600 0 8 0 1 0 VREF
A 3708400 -1473200 203200 0 3 3 #=14
A 0 0 9 0 3 0 PINTYPE=BI
P 19 4064000 -1778000 3556000 -1778000 0 3 0
L 3479800 -1778000 228600 0 8 0 1 0 FB2
A 3708400 -1727200 203200 0 3 3 #=13
A 0 0 9 0 3 0 PINTYPE=BI
P 20 4064000 -2032000 3556000 -2032000 0 3 0
L 3479800 -2032000 228600 0 8 0 1 0 COMP2
A 3708400 -1981200 203200 0 3 3 #=12
A 0 0 9 0 3 0 PINTYPE=BI
P 21 4064000 -2286000 3556000 -2286000 0 3 0
L 3479800 -2286000 228600 0 8 0 1 0 EN2
A 3708400 -2235200 203200 0 3 3 #=11
A 0 0 9 0 3 0 PINTYPE=BI
E
