V 54
K 1
D 0 -762000 3302000 0
Y 1
U 2921000 762000 254000 0 2 3 REFDES=IC?
U 2921000 508000 254000 0 2 3 DEVICE=TORX1950A_F_
U 2921000 254000 254000 0 2 0 PKG_TYPE=TORX1950AF
U 2921000 0 254000 0 2 0 Description=Optical Receiver 10Mbps Single 50m 6-Pin )
U 2921000 -254000 254000 0 2 0 Datasheet Link=https://toshiba.semicon-storage.com/info/TORX1950A(F)_datasheet_en_20160418.pdf?did=45664&prodName=TORX1950A(F)
U 2921000 -508000 254000 0 2 0 Height=8.8
U 2921000 -762000 254000 0 2 0 Manufacturer_Name=Toshiba
U 2921000 -1016000 254000 0 2 0 Manufacturer_Part_Number=TORX1950A(F)
U 2921000 -1270000 254000 0 2 0 Mouser Part Number=71-TORX1950A(F)
U 2921000 -1524000 254000 0 2 0 Mouser Price/Stock=https://www.mouser.co.uk/ProductDetail/Toshiba/TORX1950AF?qs=gev7jUp%252BQ%252BhPDbv%252Bwuk0PA%3D%3D
U 2921000 -1778000 254000 0 2 0 Arrow Part Number=
U 2921000 -2032000 254000 0 2 0 Arrow Price/Stock=
U 0 0 254000 0 1 0 FORWARD_PCB=1
l 5 508000 254000 2794000 254000 2794000 -1016000 508000 -1016000 508000 254000
|GRPHSTL -1 -1 -1 1
P 1 0 0 508000 0 0 2 0
L 584200 0 228600 0 2 0 1 0 OUTPUT
A 355600 50800 203200 0 9 3 #=1
A 0 0 9 0 3 0 PINTYPE=BI
P 2 0 -254000 508000 -254000 0 2 0
L 584200 -254000 228600 0 2 0 1 0 GND1
A 355600 -203200 203200 0 9 3 #=2
A 0 0 9 0 3 0 PINTYPE=BI
P 3 0 -508000 508000 -508000 0 2 0
L 584200 -508000 228600 0 2 0 1 0 VCC
A 355600 -457200 203200 0 9 3 #=3
A 0 0 9 0 3 0 PINTYPE=BI
P 4 0 -762000 508000 -762000 0 2 0
L 584200 -762000 228600 0 2 0 1 0 GND2
A 355600 -711200 203200 0 9 3 #=4
A 0 0 9 0 3 0 PINTYPE=BI
P 5 3302000 0 2794000 0 0 3 0
L 2717800 0 228600 0 8 0 1 0 CASE_1
A 2946400 50800 203200 0 3 3 #=MH1
A 0 0 9 0 3 0 PINTYPE=BI
P 6 3302000 -254000 2794000 -254000 0 3 0
L 2717800 -254000 228600 0 8 0 1 0 CASE_2
A 2946400 -203200 203200 0 3 3 #=MH2
A 0 0 9 0 3 0 PINTYPE=BI
E
